Angel/Mystic Marathon Time Running out (with Inferno Waveform #2)
{
  "sound": "G-wave",
  "params": [F,F,1,2,20,1,1,4,20,0,0,0],
  "waveform": [76, 69, 65, 65, 67, 71, 119, 135, 144, 151, 161, 167, 174, 181, 184, 188, 190, 191, 193, 194, 194, 194, 193, 191, 190, 187, 182, 177, 172, 164, 158, 147],
  "periodCurves": [8, 16, 32, 48, 20, 24, 32, 48, 64, 80, 64, 48, 32, 16, 12, 10, 8, 7, 6, 5, 1, 2, 2, 3, 152, 144, 2, 3, 4, 5, 6, 7, 8, 9, 1, 1, 2, 2, 4, 4, 8, 8, 16, 32, 40, 48, 56, 64, 72, 80, 96, 112, 128, 160, 176, 192, 8, 64, 8, 64, 8, 64, 8, 64, 8, 64, 8, 64, 8, 64, 8, 64, 8, 64, 8, 64, 1, 1, 1, 2, 2, 3, 3, 4, 2, 2, 3, 3, 4, 4, 5, 3, 3, 3, 4, 4, 5, 5, 6, 2, 2, 2, 3, 3, 4, 4, 5, 3, 3, 3, 4, 4, 5, 5, 6, 4, 4, 4, 5, 5, 6, 6, 7, 7, 7, 7, 8, 8, 9, 9, 10, 12, 12, 12, 13, 13, 14, 14, 15, 6, 6, 6, 7, 7, 8, 8, 9, 2, 2, 2, 3, 3, 4, 4, 5]
}



Mystic Marathon Insert Coin (with Inferno Waveform #3)
{
  "sound": "G-wave",
  "params": [3,13, 5,3, 01, 01, 01, 02, 24, 0,0,0],
  "waveform": [60, 16, 23, 63, 112, 146, 149, 127, 124, 126, 138, 190, 231, 239, 197, 127],
  "periodCurves": [8, 16, 32, 48, 20, 24, 32, 48, 64, 80, 64, 48, 32, 16, 12, 10, 8, 7, 6, 5, 1, 2, 2, 3, 152, 144, 2, 3, 4, 5, 6, 7, 8, 9, 1, 1, 2, 2, 4, 4, 8, 8, 16, 32, 40, 48, 56, 64, 72, 80, 96, 112, 128, 160, 176, 192, 8, 64, 8, 64, 8, 64, 8, 64, 8, 64, 8, 64, 8, 64, 8, 64, 8, 64, 8, 64, 1, 1, 1, 2, 2, 3, 3, 4, 2, 2, 3, 3, 4, 4, 5, 3, 3, 3, 4, 4, 5, 5, 6, 2, 2, 2, 3, 3, 4, 4, 5, 3, 3, 3, 4, 4, 5, 5, 6, 4, 4, 4, 5, 5, 6, 6, 7, 7, 7, 7, 8, 8, 9, 9, 10, 12, 12, 12, 13, 13, 14, 14, 15, 6, 6, 6, 7, 7, 8, 8, 9, 2, 2, 2, 3, 3, 4, 4, 5]
}
